{
    "camera_angle_x": 1.150685674446047,
    "camera_angle_y": 0.9054159596792284,
    "fl_x": 197.36869932571742,
    "fl_y": 197.36869932571742,
    "k1": -0.0036497436163136013,
    "k2": 0,
    "p1": 0,
    "p2": 0,
    "cx": 128.0,
    "cy": 96.0,
    "w": 256.0,
    "h": 192.0,
    "aabb_scale": 4,
    "frames": [
        {
            "file_path": "images/9_17.png",
            "sharpness": 601.4889984130859,
            "transform_matrix": [
                [
                    -0.1256750920824985,
                    0.016192079011118812,
                    0.9919393065122687,
                    5.389806283997535
                ],
                [
                    0.9917847257997213,
                    -0.021986928717734847,
                    0.12601441439744926,
                    1.5334347254112712
                ],
                [
                    0.02385013417906797,
                    0.9996271262523575,
                    -0.013295847350957343,
                    -0.19191353691981025
                ],
                [
                    0.0,
                    0.0,
                    0.0,
                    1.0
                ]
            ]
        },
        {
            "file_path": "images/9_0.png",
            "sharpness": 621.4490895565185,
            "transform_matrix": [
                [
                    0.34880036147943383,
                    -0.013923171391384893,
                    0.9370936202572875,
                    3.767825944948932
                ],
                [
                    0.937167099286832,
                    0.013175255981583254,
                    -0.348631955856207,
                    -2.4222760814170297
                ],
                [
                    -0.007492385851698665,
                    0.9998162620826454,
                    0.017643872194697804,
                    -0.47565779892164695
                ],
                [
                    0.0,
                    0.0,
                    0.0,
                    1.0
                ]
            ]
        },
        {
            "file_path": "images/8_17.png",
            "sharpness": 629.9881749546363,
            "transform_matrix": [
                [
                    -0.12631997114550403,
                    0.018458518125033935,
                    0.9918177997974799,
                    5.394279282696186
                ],
                [
                    0.9917099148745536,
                    -0.021388506041710772,
                    0.12670428780751156,
                    1.4548718730815375
                ],
                [
                    0.02355227439625917,
                    0.9996008277880823,
                    -0.015603699972453564,
                    -0.20628175286457026
                ],
                [
                    0.0,
                    0.0,
                    0.0,
                    1.0
                ]
            ]
        },
        {
            "file_path": "images/8_0.png",
            "sharpness": 659.3628253390392,
            "transform_matrix": [
                [
                    0.348464194649804,
                    -0.014107373774718388,
                    0.9372159233863512,
                    3.7429342397322976
                ],
                [
                    0.9372796577949574,
                    0.014758702288403697,
                    -0.34826573731926225,
                    -2.498507907314669
                ],
                [
                    -0.008918975863919845,
                    0.999791559630621,
                    0.018365433770958325,
                    -0.4711364535670236
                ],
                [
                    0.0,
                    0.0,
                    0.0,
                    1.0
                ]
            ]
        },
        {
            "file_path": "images/7_17.png",
            "sharpness": 537.288587251885,
            "transform_matrix": [
                [
                    -0.12404613087130897,
                    0.017695934326618222,
                    0.9921186478042098,
                    5.406734418147418
                ],
                [
                    0.9919635519459712,
                    -0.022895696927335805,
                    0.12443511832655377,
                    1.370507050371864
                ],
                [
                    0.024917243557915074,
                    0.9995812328006201,
                    -0.01471359925219683,
                    -0.20403495962323692
                ],
                [
                    0.0,
                    0.0,
                    0.0,
                    1.0
                ]
            ]
        },
        {
            "file_path": "images/15_17.png",
            "sharpness": 526.9762539052301,
            "transform_matrix": [
                [
                    -0.12569639521400336,
                    0.017253427203705714,
                    0.9919187141477968,
                    5.400875784892929
                ],
                [
                    0.9917455289252459,
                    -0.023335627128367217,
                    0.12608034883878289,
                    1.461897035768968
                ],
                [
                    0.025322363375510228,
                    0.9995787951697156,
                    -0.014177805077818588,
                    -0.44413243689468723
                ],
                [
                    0.0,
                    0.0,
                    0.0,
                    1.0
                ]
            ]
        },
        {
            "file_path": "images/15_0.png",
            "sharpness": 477.37876423034396,
            "transform_matrix": [
                [
                    0.3503242327998583,
                    -0.01408146174153088,
                    0.9365226341872896,
                    3.7507256785910923
                ],
                [
                    0.9365957743594882,
                    0.013624019540604167,
                    -0.35014674287148145,
                    -2.5097251716944644
                ],
                [
                    -0.007828624704719327,
                    0.999808030835653,
                    0.017961461757134957,
                    -0.7176758356041038
                ],
                [
                    0.0,
                    0.0,
                    0.0,
                    1.0
                ]
            ]
        },
        {
            "file_path": "images/14_17.png",
            "sharpness": 581.3906081712081,
            "transform_matrix": [
                [
                    -0.12506059163857788,
                    0.0177874748238519,
                    0.9919896441773405,
                    5.402135140007966
                ],
                [
                    0.9918087337241097,
                    -0.023946303898288834,
                    0.12546716796910554,
                    1.4593496215536814
                ],
                [
                    0.02598622957489647,
                    0.9995549911163919,
                    -0.014647033948116952,
                    -0.3591751184249019
                ],
                [
                    0.0,
                    0.0,
                    0.0,
                    1.0
                ]
            ]
        },
        {
            "file_path": "images/14_0.png",
            "sharpness": 548.555700381183,
            "transform_matrix": [
                [
                    0.35000887726391483,
                    -0.015303084149198398,
                    0.9366213757162836,
                    3.75062724634216
                ],
                [
                    0.9367183096676693,
                    0.013458574263832313,
                    -0.3498252065133798,
                    -2.5082345470343816
                ],
                [
                    -0.007252183769385464,
                    0.999792319629929,
                    0.01904529958459608,
                    -0.6305014351569597
                ],
                [
                    0.0,
                    0.0,
                    0.0,
                    1.0
                ]
            ]
        },
        {
            "file_path": "images/13_17.png",
            "sharpness": 505.0582660833995,
            "transform_matrix": [
                [
                    -0.12444283580201494,
                    0.01662819004194604,
                    0.9920874376334824,
                    5.4013359306418325
                ],
                [
                    0.9919083078925547,
                    -0.0232459804666538,
                    0.12480998808537898,
                    1.4514811746032374
                ],
                [
                    0.025137409397457264,
                    0.9995914803982482,
                    -0.013600844117553978,
                    -0.2738918147327121
                ],
                [
                    0.0,
                    0.0,
                    0.0,
                    1.0
                ]
            ]
        },
        {
            "file_path": "images/13_0.png",
            "sharpness": 513.9566943231556,
            "transform_matrix": [
                [
                    0.3497436825771008,
                    -0.01429203639505748,
                    0.9367364059273972,
                    3.742721121453453
                ],
                [
                    0.936820128447239,
                    0.012683659425221108,
                    -0.34958142359067473,
                    -2.5031817756816057
                ],
                [
                    -0.006885015114994876,
                    0.9998174145692574,
                    0.01782509712732085,
                    -0.5528591796662342
                ],
                [
                    0.0,
                    0.0,
                    0.0,
                    1.0
                ]
            ]
        },
        {
            "file_path": "images/12_17.png",
            "sharpness": 407.4142323330873,
            "transform_matrix": [
                [
                    -0.12764926571789556,
                    0.016397822962202088,
                    0.9916838086610416,
                    5.3502634059245056
                ],
                [
                    0.991491894019959,
                    -0.02358202869662042,
                    0.12801449923842836,
                    1.7862611561507904
                ],
                [
                    0.025485075128925234,
                    0.999587414547292,
                    -0.013248079899335886,
                    -0.1872617237177232
                ],
                [
                    0.0,
                    0.0,
                    0.0,
                    1.0
                ]
            ]
        },
        {
            "file_path": "images/10_17.png",
            "sharpness": 596.6600172105763,
            "transform_matrix": [
                [
                    -0.12547287791329018,
                    0.017332982323374563,
                    0.9919456258427785,
                    5.378364024057425
                ],
                [
                    0.991789878977228,
                    -0.022687266650084498,
                    0.12584960822458935,
                    1.6132608777083035
                ],
                [
                    0.024685883950640496,
                    0.9995923447347993,
                    -0.014344039802241882,
                    -0.19452400921913596
                ],
                [
                    0.0,
                    0.0,
                    0.0,
                    1.0
                ]
            ]
        },
        {
            "file_path": "images/10_0.png",
            "sharpness": 684.0550194962158,
            "transform_matrix": [
                [
                    0.3475053180550309,
                    -0.014368245351722458,
                    0.9375679215105813,
                    3.7995314327061704
                ],
                [
                    0.9376519756195761,
                    0.012775901199425307,
                    -0.34734068141415203,
                    -2.3447488720570773
                ],
                [
                    -0.006987599001776762,
                    0.9998151478502124,
                    0.0179121072499752,
                    -0.47394889513139987
                ],
                [
                    0.0,
                    0.0,
                    0.0,
                    1.0
                ]
            ]
        },
        {
            "file_path": "images/0_0.png",
            "sharpness": 610.1892390780978,
            "transform_matrix": [
                [
                    0.34932838535035654,
                    -0.013943414479903262,
                    0.9368966113599951,
                    3.742179855817185
                ],
                [
                    0.9369648992816454,
                    0.013897370815611602,
                    -0.34914701860183345,
                    -2.4987952525637387
                ],
                [
                    -0.008152098029171967,
                    0.999806203358302,
                    0.017919236051437467,
                    -0.15677919244847413
                ],
                [
                    0.0,
                    0.0,
                    0.0,
                    1.0
                ]
            ]
        },
        {
            "file_path": "images/0_17.png",
            "sharpness": 548.2248657925262,
            "transform_matrix": [
                [
                    -0.1281451751312656,
                    0.01444684023896043,
                    0.9916501917986879,
                    5.403534037962691
                ],
                [
                    0.9915071719920039,
                    -0.02050464890406481,
                    0.12842541517059322,
                    1.4618144173273786
                ],
                [
                    0.02218878047407236,
                    0.9996853745939863,
                    -0.011696573884735544,
                    0.13960741450921405
                ],
                [
                    0.0,
                    0.0,
                    0.0,
                    1.0
                ]
            ]
        },
        {
            "file_path": "images/11_0.png",
            "sharpness": 619.3209098974863,
            "transform_matrix": [
                [
                    0.3479870243508999,
                    -0.01429492938495856,
                    0.937390359388218,
                    3.826137076609126
                ],
                [
                    0.9374774945966974,
                    0.012133337981892275,
                    -0.3478343416543506,
                    -2.269512384835001
                ],
                [
                    -0.00640140669981226,
                    0.9998242030977161,
                    0.017623418765010012,
                    -0.4755700148027534
                ],
                [
                    0.0,
                    0.0,
                    0.0,
                    1.0
                ]
            ]
        },
        {
            "file_path": "images/11_17.png",
            "sharpness": 525.3386783003807,
            "transform_matrix": [
                [
                    -0.1270827167562471,
                    0.016823216188200773,
                    0.991749445422393,
                    5.365412186902202
                ],
                [
                    0.991584045522732,
                    -0.022763435401757844,
                    0.1274476624873196,
                    1.7018717695920398
                ],
                [
                    0.024719704014306842,
                    0.9995993224299842,
                    -0.01378879355303902,
                    -0.18843724839892448
                ],
                [
                    0.0,
                    0.0,
                    0.0,
                    1.0
                ]
            ]
        },
        {
            "file_path": "images/12_0.png",
            "sharpness": 443.5412357631658,
            "transform_matrix": [
                [
                    0.34785753171861916,
                    -0.014080178943391553,
                    0.9374416708170374,
                    3.8509962731565577
                ],
                [
                    0.9375202599574696,
                    0.012832800846933787,
                    -0.34769394787902297,
                    -2.1911563233834768
                ],
                [
                    -0.007134409263541044,
                    0.9998185174220527,
                    0.017664439450907034,
                    -0.4783879223500491
                ],
                [
                    0.0,
                    0.0,
                    0.0,
                    1.0
                ]
            ]
        },
        {
            "file_path": "images/16_0.png",
            "sharpness": 524.6807174666061,
            "transform_matrix": [
                [
                    0.35010125970990774,
                    -0.012909715850558737,
                    0.9366228948637123,
                    3.753256632087699
                ],
                [
                    0.9366761693738113,
                    0.013553429246172895,
                    -0.349934362820903,
                    -2.5107944027683473
                ],
                [
                    -0.00817689894551681,
                    0.9998248065481341,
                    0.01683729584307987,
                    -0.8021807083983972
                ],
                [
                    0.0,
                    0.0,
                    0.0,
                    1.0
                ]
            ]
        },
        {
            "file_path": "images/16_17.png",
            "sharpness": 607.0316522320112,
            "transform_matrix": [
                [
                    -0.12670331513820957,
                    0.01677536644578746,
                    0.991798798653378,
                    5.4099744495300035
                ],
                [
                    0.991653295719367,
                    -0.021923297744223018,
                    0.12705553945001835,
                    1.4700944045867401
                ],
                [
                    0.023874903598481982,
                    0.9996189054301223,
                    -0.01385759291991023,
                    -0.5238829508157717
                ],
                [
                    0.0,
                    0.0,
                    0.0,
                    1.0
                ]
            ]
        },
        {
            "file_path": "images/1_0.png",
            "sharpness": 513.0903808867766,
            "transform_matrix": [
                [
                    0.3487652847282415,
                    -0.012656811004166702,
                    0.937124634880719,
                    3.734343674126729
                ],
                [
                    0.937178887675451,
                    0.012870654391432255,
                    -0.3486116446003206,
                    -2.4952010534620994
                ],
                [
                    -0.007649095597688919,
                    0.9998370624193863,
                    0.016350533501869918,
                    -0.24350882390830564
                ],
                [
                    0.0,
                    0.0,
                    0.0,
                    1.0
                ]
            ]
        },
        {
            "file_path": "images/1_17.png",
            "sharpness": 486.32305021045937,
            "transform_matrix": [
                [
                    -0.12875390505588669,
                    0.013021163260961194,
                    0.9915910856985749,
                    5.407139130396243
                ],
                [
                    0.9914143215441563,
                    -0.021304429823408657,
                    0.12901071392345348,
                    1.4691873008606553
                ],
                [
                    0.022805152267193346,
                    0.9996882366887782,
                    -0.010166339205328678,
                    0.06473085158310496
                ],
                [
                    0.0,
                    0.0,
                    0.0,
                    1.0
                ]
            ]
        },
        {
            "file_path": "images/2_0.png",
            "sharpness": 569.6903301808569,
            "transform_matrix": [
                [
                    0.34801575453304223,
                    -0.013468496753658259,
                    0.9373919320053278,
                    3.734393839282851
                ],
                [
                    0.9374538556670766,
                    0.013618589685816251,
                    -0.3478430716715521,
                    -2.492789194568029
                ],
                [
                    -0.008081032815184346,
                    0.999816549976471,
                    0.017365577976941597,
                    -0.31787641913324993
                ],
                [
                    0.0,
                    0.0,
                    0.0,
                    1.0
                ]
            ]
        },
        {
            "file_path": "images/2_17.png",
            "sharpness": 547.3980992370183,
            "transform_matrix": [
                [
                    -0.1274400477583461,
                    0.01723155958201421,
                    0.9916965804006832,
                    5.398853197848082
                ],
                [
                    0.9915610315173954,
                    -0.021764114463241904,
                    0.12780079850215662,
                    1.459550237914488
                ],
                [
                    0.02378560496266497,
                    0.9996146240790449,
                    -0.014312523207181915,
                    -0.034082922935010994
                ],
                [
                    0.0,
                    0.0,
                    0.0,
                    1.0
                ]
            ]
        },
        {
            "file_path": "images/3_0.png",
            "sharpness": 616.014400581105,
            "transform_matrix": [
                [
                    0.3491313520289476,
                    -0.014285918979218375,
                    0.9369648934437433,
                    3.738944305600846
                ],
                [
                    0.9370402618721383,
                    0.013781359638340412,
                    -0.34894931115724026,
                    -2.496767735846003
                ],
                [
                    -0.007927588578001165,
                    0.9998029739114225,
                    0.01819798598470181,
                    -0.3933066521828855
                ],
                [
                    0.0,
                    0.0,
                    0.0,
                    1.0
                ]
            ]
        },
        {
            "file_path": "images/3_17.png",
            "sharpness": 567.4467685019804,
            "transform_matrix": [
                [
                    -0.1260213734981403,
                    0.0166526367276939,
                    0.9918877472316838,
                    5.3973395572708345
                ],
                [
                    0.9917451148138418,
                    -0.02174141056385901,
                    0.12636826464572895,
                    1.4567497673246408
                ],
                [
                    0.02366940355087967,
                    0.9996249300379603,
                    -0.013775288702415593,
                    -0.11788645568472249
                ],
                [
                    0.0,
                    0.0,
                    0.0,
                    1.0
                ]
            ]
        },
        {
            "file_path": "images/4_0.png",
            "sharpness": 490.48077543410994,
            "transform_matrix": [
                [
                    0.3510912263172744,
                    -0.014601764647993391,
                    0.9362273972005327,
                    3.630314628006768
                ],
                [
                    0.9363038321940004,
                    0.014414599668499041,
                    -0.35089507425329497,
                    -2.809759899776109
                ],
                [
                    -0.008371655838939777,
                    0.9997894817321538,
                    0.0187325276711969,
                    -0.46480933021517107
                ],
                [
                    0.0,
                    0.0,
                    0.0,
                    1.0
                ]
            ]
        },
        {
            "file_path": "images/4_17.png",
            "sharpness": 522.5471118224991,
            "transform_matrix": [
                [
                    -0.1248614126539563,
                    0.01680419257376916,
                    0.9920318778843193,
                    5.4541931503886145
                ],
                [
                    0.9918964991766057,
                    -0.021540186037910778,
                    0.12520924609087566,
                    1.1390396990618197
                ],
                [
                    0.02347259148849377,
                    0.9996267500892939,
                    -0.013978481727888677,
                    -0.20163886214203736
                ],
                [
                    0.0,
                    0.0,
                    0.0,
                    1.0
                ]
            ]
        },
        {
            "file_path": "images/5_0.png",
            "sharpness": 543.1716698172191,
            "transform_matrix": [
                [
                    0.35024177293302666,
                    -0.014828847136365078,
                    0.9365419402151852,
                    3.659808449425093
                ],
                [
                    0.9366158062626931,
                    0.015183549402454756,
                    -0.3500289863517418,
                    -2.7321605335416463
                ],
                [
                    -0.009029504484821331,
                    0.999774757191257,
                    0.019206845878704668,
                    -0.4668392110184644
                ],
                [
                    0.0,
                    0.0,
                    0.0,
                    1.0
                ]
            ]
        },
        {
            "file_path": "images/5_17.png",
            "sharpness": 562.2251781208648,
            "transform_matrix": [
                [
                    -0.12582690118418466,
                    0.01640549326570158,
                    0.9919165543158263,
                    5.436845603520294
                ],
                [
                    0.9917631247527117,
                    -0.022056134210170688,
                    0.12617222881616727,
                    1.2251188273317184
                ],
                [
                    0.02394776229744213,
                    0.999622121969647,
                    -0.013495108244533609,
                    -0.20071388890326738
                ],
                [
                    0.0,
                    0.0,
                    0.0,
                    1.0
                ]
            ]
        },
        {
            "file_path": "images/6_0.png",
            "sharpness": 530.8951600243648,
            "transform_matrix": [
                [
                    0.35068018276400764,
                    -0.014431901613457957,
                    0.9363840716442738,
                    3.684945508692867
                ],
                [
                    0.9364614205013758,
                    0.013906480162464641,
                    -0.35049481839541585,
                    -2.655398274532743
                ],
                [
                    -0.007963499781659552,
                    0.9997991448396011,
                    0.018391646090451994,
                    -0.4695448605276781
                ],
                [
                    0.0,
                    0.0,
                    0.0,
                    1.0
                ]
            ]
        },
        {
            "file_path": "images/6_17.png",
            "sharpness": 551.7395254038274,
            "transform_matrix": [
                [
                    -0.12632086704156395,
                    0.01765515971342249,
                    0.9918323113722642,
                    5.426013641564283
                ],
                [
                    0.9916777131314242,
                    -0.022815997171921263,
                    0.12670731451450978,
                    1.3116364059121777
                ],
                [
                    0.024866681085902252,
                    0.9995837761814829,
                    -0.014626091864402,
                    -0.20692683419034627
                ],
                [
                    0.0,
                    0.0,
                    0.0,
                    1.0
                ]
            ]
        },
        {
            "file_path": "images/7_0.png",
            "sharpness": 533.3860097291569,
            "transform_matrix": [
                [
                    0.35045938220128015,
                    -0.014658852531394505,
                    0.936463207748306,
                    3.7143424026105727
                ],
                [
                    0.9365541645485206,
                    0.012608227674696996,
                    -0.3502960597290883,
                    -2.578715118703099
                ],
                [
                    -0.006672203050370475,
                    0.9998130578433413,
                    0.01814748106730745,
                    -0.46974749493056034
                ],
                [
                    0.0,
                    0.0,
                    0.0,
                    1.0
                ]
            ]
        }
    ]
}