{
    "camera_angle_x": 1.150685674446047,
    "camera_angle_y": 0.9054159596792284,
    "fl_x": 197.36869932571742,
    "fl_y": 197.36869932571742,
    "k1": -0.0036497436163136013,
    "k2": 0,
    "p1": 0,
    "p2": 0,
    "cx": 128.0,
    "cy": 96.0,
    "w": 256.0,
    "h": 192.0,
    "aabb_scale": 4,
    "frames": [
        {
            "file_path": "images/8_6.png",
            "sharpness": 585.6215035054419,
            "transform_matrix": [
                [
                    0.47139753286441805,
                    -0.013992368650951747,
                    0.8818098318943621,
                    2.9581122049568807
                ],
                [
                    0.8818350495904788,
                    0.021424422728393396,
                    -0.47107105560043955,
                    -1.5815859184076666
                ],
                [
                    -0.01230086673380403,
                    0.9996725502518207,
                    0.02243838112040921,
                    -0.0483534341291169
                ],
                [
                    0.0,
                    0.0,
                    0.0,
                    1.0
                ]
            ]
        },
        {
            "file_path": "images/8_4.png",
            "sharpness": 512.6723778309921,
            "transform_matrix": [
                [
                    0.6299564538648852,
                    -0.01141028556587614,
                    0.7765466319635743,
                    3.115983230215938
                ],
                [
                    0.7764223571257591,
                    0.032398408878201175,
                    -0.6293795885294026,
                    -2.121196612042193
                ],
                [
                    -0.017977474460891846,
                    0.9994099001321508,
                    0.02926878758231173,
                    -0.36755339413252464
                ],
                [
                    0.0,
                    0.0,
                    0.0,
                    1.0
                ]
            ]
        },
        {
            "file_path": "images/8_2.png",
            "sharpness": 567.7949075947205,
            "transform_matrix": [
                [
                    0.6160180373459284,
                    -0.014012032369660353,
                    0.7876074152838005,
                    3.2529218603605914
                ],
                [
                    0.7874934463935854,
                    0.03556135949437979,
                    -0.6152962388947814,
                    -2.288286467717258
                ],
                [
                    -0.019386839619022628,
                    0.9992692593372786,
                    0.03294082254284306,
                    -0.4500846883477308
                ],
                [
                    0.0,
                    0.0,
                    0.0,
                    1.0
                ]
            ]
        },
        {
            "file_path": "images/8_17.png",
            "sharpness": 629.9881749546363,
            "transform_matrix": [
                [
                    -0.12631997114550403,
                    0.018458518125033935,
                    0.9918177997974799,
                    5.394279282696186
                ],
                [
                    0.9917099148745536,
                    -0.021388506041710772,
                    0.12670428780751156,
                    1.4548718730815375
                ],
                [
                    0.02355227439625917,
                    0.9996008277880823,
                    -0.015603699972453564,
                    -0.20628175286457026
                ],
                [
                    0.0,
                    0.0,
                    0.0,
                    1.0
                ]
            ]
        },
        {
            "file_path": "images/8_14.png",
            "sharpness": 701.3440961688757,
            "transform_matrix": [
                [
                    -0.2924469769202938,
                    0.02466380757106006,
                    0.955963630209312,
                    4.334162784000315
                ],
                [
                    0.9556278201381417,
                    -0.029425404923646283,
                    0.29310342018322144,
                    1.182926955653922
                ],
                [
                    0.035358663265006425,
                    0.9992626492258513,
                    -0.01496404995086294,
                    0.3911762116856453
                ],
                [
                    0.0,
                    0.0,
                    0.0,
                    1.0
                ]
            ]
        },
        {
            "file_path": "images/8_0.png",
            "sharpness": 659.3628253390392,
            "transform_matrix": [
                [
                    0.348464194649804,
                    -0.014107373774718388,
                    0.9372159233863512,
                    3.7429342397322976
                ],
                [
                    0.9372796577949574,
                    0.014758702288403697,
                    -0.34826573731926225,
                    -2.498507907314669
                ],
                [
                    -0.008918975863919845,
                    0.999791559630621,
                    0.018365433770958325,
                    -0.4711364535670236
                ],
                [
                    0.0,
                    0.0,
                    0.0,
                    1.0
                ]
            ]
        }
    ]
}