{
    "camera_angle_x": 1.150685674446047,
    "camera_angle_y": 0.9054159596792284,
    "fl_x": 197.36869932571742,
    "fl_y": 197.36869932571742,
    "k1": -0.0036497436163136013,
    "k2": 0,
    "p1": 0,
    "p2": 0,
    "cx": 128.0,
    "cy": 96.0,
    "w": 256.0,
    "h": 192.0,
    "aabb_scale": 4,
    "frames": [
        {
            "file_path": "images/9_4.png",
            "sharpness": 486.6186986263427,
            "transform_matrix": [
                [
                    0.6296566923670752,
                    -0.01180190135233008,
                    0.7767838598210646,
                    3.173687860364649
                ],
                [
                    0.7766532304295318,
                    0.033371980435269476,
                    -0.6290437747766049,
                    -2.061718374450357
                ],
                [
                    -0.01849890319617091,
                    0.9993733166554868,
                    0.030178875629108277,
                    -0.3682533787046621
                ],
                [
                    0.0,
                    0.0,
                    0.0,
                    1.0
                ]
            ]
        },
        {
            "file_path": "images/9_6.png",
            "sharpness": 534.2623304621212,
            "transform_matrix": [
                [
                    0.47208432322161537,
                    -0.01454449747887448,
                    0.8814334060824809,
                    2.9951239550540127
                ],
                [
                    0.8814572702851134,
                    0.02255321837399382,
                    -0.47172495482271326,
                    -1.5138836314229869
                ],
                [
                    -0.013018157673370289,
                    0.999639840107801,
                    0.023467373877953494,
                    -0.04576895006810236
                ],
                [
                    0.0,
                    0.0,
                    0.0,
                    1.0
                ]
            ]
        },
        {
            "file_path": "images/9_2.png",
            "sharpness": 532.2426337599754,
            "transform_matrix": [
                [
                    0.6158321386238139,
                    -0.01379361057507439,
                    0.7877566333214907,
                    3.3037338683872757
                ],
                [
                    0.787636484808963,
                    0.03550155952460092,
                    -0.6151165800635685,
                    -2.2249937676148406
                ],
                [
                    -0.019481910445093766,
                    0.9992744245577965,
                    0.032727352272690885,
                    -0.4518045976906055
                ],
                [
                    0.0,
                    0.0,
                    0.0,
                    1.0
                ]
            ]
        },
        {
            "file_path": "images/9_17.png",
            "sharpness": 601.4889984130859,
            "transform_matrix": [
                [
                    -0.1256750920824985,
                    0.016192079011118812,
                    0.9919393065122687,
                    5.389806283997535
                ],
                [
                    0.9917847257997213,
                    -0.021986928717734847,
                    0.12601441439744926,
                    1.5334347254112712
                ],
                [
                    0.02385013417906797,
                    0.9996271262523575,
                    -0.013295847350957343,
                    -0.19191353691981025
                ],
                [
                    0.0,
                    0.0,
                    0.0,
                    1.0
                ]
            ]
        },
        {
            "file_path": "images/9_14.png",
            "sharpness": 645.9248041295342,
            "transform_matrix": [
                [
                    -0.29279382503302726,
                    0.023241160295397113,
                    0.9558931030650549,
                    4.304158876748622
                ],
                [
                    0.9555291062346807,
                    -0.02964388621339932,
                    0.293403079650706,
                    1.2642382368250855
                ],
                [
                    0.03515541438475893,
                    0.9992902923950476,
                    -0.013528058291652838,
                    0.4031383434403021
                ],
                [
                    0.0,
                    0.0,
                    0.0,
                    1.0
                ]
            ]
        },
        {
            "file_path": "images/9_0.png",
            "sharpness": 621.4490895565185,
            "transform_matrix": [
                [
                    0.34880036147943383,
                    -0.013923171391384893,
                    0.9370936202572875,
                    3.767825944948932
                ],
                [
                    0.937167099286832,
                    0.013175255981583254,
                    -0.348631955856207,
                    -2.4222760814170297
                ],
                [
                    -0.007492385851698665,
                    0.9998162620826454,
                    0.017643872194697804,
                    -0.47565779892164695
                ],
                [
                    0.0,
                    0.0,
                    0.0,
                    1.0
                ]
            ]
        },
        {
            "file_path": "images/8_6.png",
            "sharpness": 585.6215035054419,
            "transform_matrix": [
                [
                    0.47139753286441805,
                    -0.013992368650951747,
                    0.8818098318943621,
                    2.9581122049568807
                ],
                [
                    0.8818350495904788,
                    0.021424422728393396,
                    -0.47107105560043955,
                    -1.5815859184076666
                ],
                [
                    -0.01230086673380403,
                    0.9996725502518207,
                    0.02243838112040921,
                    -0.0483534341291169
                ],
                [
                    0.0,
                    0.0,
                    0.0,
                    1.0
                ]
            ]
        },
        {
            "file_path": "images/8_4.png",
            "sharpness": 512.6723778309921,
            "transform_matrix": [
                [
                    0.6299564538648852,
                    -0.01141028556587614,
                    0.7765466319635743,
                    3.115983230215938
                ],
                [
                    0.7764223571257591,
                    0.032398408878201175,
                    -0.6293795885294026,
                    -2.121196612042193
                ],
                [
                    -0.017977474460891846,
                    0.9994099001321508,
                    0.02926878758231173,
                    -0.36755339413252464
                ],
                [
                    0.0,
                    0.0,
                    0.0,
                    1.0
                ]
            ]
        },
        {
            "file_path": "images/8_2.png",
            "sharpness": 567.7949075947205,
            "transform_matrix": [
                [
                    0.6160180373459284,
                    -0.014012032369660353,
                    0.7876074152838005,
                    3.2529218603605914
                ],
                [
                    0.7874934463935854,
                    0.03556135949437979,
                    -0.6152962388947814,
                    -2.288286467717258
                ],
                [
                    -0.019386839619022628,
                    0.9992692593372786,
                    0.03294082254284306,
                    -0.4500846883477308
                ],
                [
                    0.0,
                    0.0,
                    0.0,
                    1.0
                ]
            ]
        },
        {
            "file_path": "images/8_17.png",
            "sharpness": 629.9881749546363,
            "transform_matrix": [
                [
                    -0.12631997114550403,
                    0.018458518125033935,
                    0.9918177997974799,
                    5.394279282696186
                ],
                [
                    0.9917099148745536,
                    -0.021388506041710772,
                    0.12670428780751156,
                    1.4548718730815375
                ],
                [
                    0.02355227439625917,
                    0.9996008277880823,
                    -0.015603699972453564,
                    -0.20628175286457026
                ],
                [
                    0.0,
                    0.0,
                    0.0,
                    1.0
                ]
            ]
        },
        {
            "file_path": "images/8_14.png",
            "sharpness": 701.3440961688757,
            "transform_matrix": [
                [
                    -0.2924469769202938,
                    0.02466380757106006,
                    0.955963630209312,
                    4.334162784000315
                ],
                [
                    0.9556278201381417,
                    -0.029425404923646283,
                    0.29310342018322144,
                    1.182926955653922
                ],
                [
                    0.035358663265006425,
                    0.9992626492258513,
                    -0.01496404995086294,
                    0.3911762116856453
                ],
                [
                    0.0,
                    0.0,
                    0.0,
                    1.0
                ]
            ]
        },
        {
            "file_path": "images/8_0.png",
            "sharpness": 659.3628253390392,
            "transform_matrix": [
                [
                    0.348464194649804,
                    -0.014107373774718388,
                    0.9372159233863512,
                    3.7429342397322976
                ],
                [
                    0.9372796577949574,
                    0.014758702288403697,
                    -0.34826573731926225,
                    -2.498507907314669
                ],
                [
                    -0.008918975863919845,
                    0.999791559630621,
                    0.018365433770958325,
                    -0.4711364535670236
                ],
                [
                    0.0,
                    0.0,
                    0.0,
                    1.0
                ]
            ]
        },
        {
            "file_path": "images/7_6.png",
            "sharpness": 476.8891787462764,
            "transform_matrix": [
                [
                    0.4730350963633534,
                    -0.014333400993101514,
                    0.880926984046448,
                    2.918746224146029
                ],
                [
                    0.8809566394580216,
                    0.02174145818076658,
                    -0.4726972692865939,
                    -1.6530039636067417
                ],
                [
                    -0.01237727767492589,
                    0.999660873801127,
                    0.02291157753650562,
                    -0.04553259851729929
                ],
                [
                    0.0,
                    0.0,
                    0.0,
                    1.0
                ]
            ]
        },
        {
            "file_path": "images/7_4.png",
            "sharpness": 423.1991964711083,
            "transform_matrix": [
                [
                    0.6307935025558892,
                    -0.01289306356047059,
                    0.7758436221571883,
                    3.072515757379239
                ],
                [
                    0.7757599761784637,
                    0.03264848451462958,
                    -0.6301829383746331,
                    -2.1883747092152377
                ],
                [
                    -0.017205129804584884,
                    0.9993837327911703,
                    0.030596374580662916,
                    -0.3627225654146819
                ],
                [
                    0.0,
                    0.0,
                    0.0,
                    1.0
                ]
            ]
        },
        {
            "file_path": "images/7_2.png",
            "sharpness": 451.910956322733,
            "transform_matrix": [
                [
                    0.6168323755526347,
                    -0.013390798883655658,
                    0.7869806268085879,
                    3.205142733657612
                ],
                [
                    0.786850615905795,
                    0.035381495001411606,
                    -0.6161284428267658,
                    -2.3532225710751042
                ],
                [
                    -0.019594099049242728,
                    0.9992841619446459,
                    0.032361009961399394,
                    -0.44863539543660774
                ],
                [
                    0.0,
                    0.0,
                    0.0,
                    1.0
                ]
            ]
        },
        {
            "file_path": "images/7_17.png",
            "sharpness": 537.288587251885,
            "transform_matrix": [
                [
                    -0.12404613087130897,
                    0.017695934326618222,
                    0.9921186478042098,
                    5.406734418147418
                ],
                [
                    0.9919635519459712,
                    -0.022895696927335805,
                    0.12443511832655377,
                    1.370507050371864
                ],
                [
                    0.024917243557915074,
                    0.9995812328006201,
                    -0.01471359925219683,
                    -0.20403495962323692
                ],
                [
                    0.0,
                    0.0,
                    0.0,
                    1.0
                ]
            ]
        },
        {
            "file_path": "images/7_14.png",
            "sharpness": 585.410580402861,
            "transform_matrix": [
                [
                    -0.29325176053024765,
                    0.023638980552942057,
                    0.9557429589282964,
                    4.355688931044315
                ],
                [
                    0.9553911760645913,
                    -0.029443354840369647,
                    0.2938720632412343,
                    1.1160020098401084
                ],
                [
                    0.03508711506392319,
                    0.9992868894621056,
                    -0.013950157788588234,
                    0.39787670842274364
                ],
                [
                    0.0,
                    0.0,
                    0.0,
                    1.0
                ]
            ]
        },
        {
            "file_path": "images/15_6.png",
            "sharpness": 419.22619193750955,
            "transform_matrix": [
                [
                    0.47242863204414787,
                    -0.015512616793520121,
                    0.8812324020040342,
                    2.9580136655145806
                ],
                [
                    0.8813031875976319,
                    0.02052614708160059,
                    -0.4721052518414055,
                    -1.5876753101491416
                ],
                [
                    -0.010764718038583004,
                    0.9996689632087664,
                    0.02336845821500729,
                    -0.28254220597647395
                ],
                [
                    0.0,
                    0.0,
                    0.0,
                    1.0
                ]
            ]
        },
        {
            "file_path": "images/15_4.png",
            "sharpness": 416.63541535495057,
            "transform_matrix": [
                [
                    0.6304324077480775,
                    -0.011942387969663295,
                    0.7761522779888177,
                    3.123557181939152
                ],
                [
                    0.7760314502632301,
                    0.03310191216784037,
                    -0.6298249372747792,
                    -2.13177899742928
                ],
                [
                    -0.018170510780950874,
                    0.9993806295786929,
                    0.030136186844740884,
                    -0.6079469422687794
                ],
                [
                    0.0,
                    0.0,
                    0.0,
                    1.0
                ]
            ]
        },
        {
            "file_path": "images/15_2.png",
            "sharpness": 437.807449704657,
            "transform_matrix": [
                [
                    0.6160181895565431,
                    -0.012739847115803787,
                    0.7876289014679643,
                    3.2572219590339677
                ],
                [
                    0.7874597926933844,
                    0.0362392137396375,
                    -0.6152997596934556,
                    -2.296837157515151
                ],
                [
                    -0.02070422723892806,
                    0.9992619354702198,
                    0.032356132207600294,
                    -0.6916352690195476
                ],
                [
                    0.0,
                    0.0,
                    0.0,
                    1.0
                ]
            ]
        },
        {
            "file_path": "images/15_17.png",
            "sharpness": 526.9762539052301,
            "transform_matrix": [
                [
                    -0.12569639521400336,
                    0.017253427203705714,
                    0.9919187141477968,
                    5.400875784892929
                ],
                [
                    0.9917455289252459,
                    -0.023335627128367217,
                    0.12608034883878289,
                    1.461897035768968
                ],
                [
                    0.025322363375510228,
                    0.9995787951697156,
                    -0.014177805077818588,
                    -0.44413243689468723
                ],
                [
                    0.0,
                    0.0,
                    0.0,
                    1.0
                ]
            ]
        },
        {
            "file_path": "images/15_14.png",
            "sharpness": 563.8743779456449,
            "transform_matrix": [
                [
                    -0.2914750429243808,
                    0.0219790053573557,
                    0.95632589773174,
                    4.325572728156523
                ],
                [
                    0.9559492188739962,
                    -0.02956228105693714,
                    0.2920396590754521,
                    1.182796075184086
                ],
                [
                    0.034689916202153157,
                    0.9993212670902691,
                    -0.012394145862978295,
                    0.16505469226644856
                ],
                [
                    0.0,
                    0.0,
                    0.0,
                    1.0
                ]
            ]
        },
        {
            "file_path": "images/15_0.png",
            "sharpness": 477.37876423034396,
            "transform_matrix": [
                [
                    0.3503242327998583,
                    -0.01408146174153088,
                    0.9365226341872896,
                    3.7507256785910923
                ],
                [
                    0.9365957743594882,
                    0.013624019540604167,
                    -0.35014674287148145,
                    -2.5097251716944644
                ],
                [
                    -0.007828624704719327,
                    0.999808030835653,
                    0.017961461757134957,
                    -0.7176758356041038
                ],
                [
                    0.0,
                    0.0,
                    0.0,
                    1.0
                ]
            ]
        },
        {
            "file_path": "images/14_4.png",
            "sharpness": 445.40544080692865,
            "transform_matrix": [
                [
                    0.6306482988883394,
                    -0.01134158051326796,
                    0.7759858836714699,
                    3.124227870461606
                ],
                [
                    0.7758527743820987,
                    0.03280244159746276,
                    -0.6300606893854311,
                    -2.1317570621694135
                ],
                [
                    -0.018308347592679,
                    0.9993975026851909,
                    0.029486200699920802,
                    -0.5267123900355624
                ],
                [
                    0.0,
                    0.0,
                    0.0,
                    1.0
                ]
            ]
        },
        {
            "file_path": "images/14_6.png",
            "sharpness": 457.84580910164453,
            "transform_matrix": [
                [
                    0.4720147375994082,
                    -0.014869800263566067,
                    0.881465244082698,
                    2.9608041188299805
                ],
                [
                    0.881518624965988,
                    0.020742137597188126,
                    -0.47169341480030463,
                    -1.5879701406706555
                ],
                [
                    -0.011269486516182448,
                    0.9996742733334236,
                    0.022898600517045144,
                    -0.20476243452027235
                ],
                [
                    0.0,
                    0.0,
                    0.0,
                    1.0
                ]
            ]
        },
        {
            "file_path": "images/14_2.png",
            "sharpness": 476.97843275467557,
            "transform_matrix": [
                [
                    0.6166502418611428,
                    -0.012572436617840315,
                    0.78713684518435,
                    3.254890613920707
                ],
                [
                    0.7869936098401132,
                    0.034718894708149484,
                    -0.6159834871334386,
                    -2.2953820217095973
                ],
                [
                    -0.01958410789923906,
                    0.9993180335530953,
                    0.031303842097292034,
                    -0.61188275934632
                ],
                [
                    0.0,
                    0.0,
                    0.0,
                    1.0
                ]
            ]
        },
        {
            "file_path": "images/14_17.png",
            "sharpness": 581.3906081712081,
            "transform_matrix": [
                [
                    -0.12506059163857788,
                    0.0177874748238519,
                    0.9919896441773405,
                    5.402135140007966
                ],
                [
                    0.9918087337241097,
                    -0.023946303898288834,
                    0.12546716796910554,
                    1.4593496215536814
                ],
                [
                    0.02598622957489647,
                    0.9995549911163919,
                    -0.014647033948116952,
                    -0.3591751184249019
                ],
                [
                    0.0,
                    0.0,
                    0.0,
                    1.0
                ]
            ]
        },
        {
            "file_path": "images/14_14.png",
            "sharpness": 616.0670556918614,
            "transform_matrix": [
                [
                    -0.29079372279486027,
                    0.022751462589997152,
                    0.9565152281745487,
                    4.331322437515749
                ],
                [
                    0.9561356841890404,
                    -0.02993642664606492,
                    0.291390397542575,
                    1.1831100035531932
                ],
                [
                    0.03526420569286576,
                    0.9992928406159878,
                    -0.013048160298203909,
                    0.2468174448615882
                ],
                [
                    0.0,
                    0.0,
                    0.0,
                    1.0
                ]
            ]
        },
        {
            "file_path": "images/14_0.png",
            "sharpness": 548.555700381183,
            "transform_matrix": [
                [
                    0.35000887726391483,
                    -0.015303084149198398,
                    0.9366213757162836,
                    3.75062724634216
                ],
                [
                    0.9367183096676693,
                    0.013458574263832313,
                    -0.3498252065133798,
                    -2.5082345470343816
                ],
                [
                    -0.007252183769385464,
                    0.999792319629929,
                    0.01904529958459608,
                    -0.6305014351569597
                ],
                [
                    0.0,
                    0.0,
                    0.0,
                    1.0
                ]
            ]
        },
        {
            "file_path": "images/13_6.png",
            "sharpness": 431.7246439043018,
            "transform_matrix": [
                [
                    0.4719319450952563,
                    -0.015215287957645407,
                    0.88150367793201,
                    2.9597055780215253
                ],
                [
                    0.8815572806856108,
                    0.021418055821705372,
                    -0.4715909538519678,
                    -1.585960832346455
                ],
                [
                    -0.011704702819908078,
                    0.9996548213727937,
                    0.023521012620886513,
                    -0.12290504407539049
                ],
                [
                    0.0,
                    0.0,
                    0.0,
                    1.0
                ]
            ]
        },
        {
            "file_path": "images/13_4.png",
            "sharpness": 406.8163740829461,
            "transform_matrix": [
                [
                    0.6308869443744376,
                    -0.011787768865022311,
                    0.7757852228031656,
                    3.1223739531362593
                ],
                [
                    0.7756821463336666,
                    0.0318618449569178,
                    -0.6303189912220135,
                    -2.1314266151530754
                ],
                [
                    -0.017287893909063323,
                    0.9994227690711354,
                    0.029244783860707554,
                    -0.44868861059757265
                ],
                [
                    0.0,
                    0.0,
                    0.0,
                    1.0
                ]
            ]
        },
        {
            "file_path": "images/13_2.png",
            "sharpness": 431.2169587595595,
            "transform_matrix": [
                [
                    0.6166282006033984,
                    -0.013038681235757906,
                    0.7871465270258992,
                    3.251460733477154
                ],
                [
                    0.7870017875494115,
                    0.03554231089656219,
                    -0.6159260755400457,
                    -2.290428760713136
                ],
                [
                    -0.01994614282094577,
                    0.9992831114976651,
                    0.03217785665326209,
                    -0.530792634761229
                ],
                [
                    0.0,
                    0.0,
                    0.0,
                    1.0
                ]
            ]
        },
        {
            "file_path": "images/13_17.png",
            "sharpness": 505.0582660833995,
            "transform_matrix": [
                [
                    -0.12444283580201494,
                    0.01662819004194604,
                    0.9920874376334824,
                    5.4013359306418325
                ],
                [
                    0.9919083078925547,
                    -0.0232459804666538,
                    0.12480998808537898,
                    1.4514811746032374
                ],
                [
                    0.025137409397457264,
                    0.9995914803982482,
                    -0.013600844117553978,
                    -0.2738918147327121
                ],
                [
                    0.0,
                    0.0,
                    0.0,
                    1.0
                ]
            ]
        },
        {
            "file_path": "images/13_14.png",
            "sharpness": 549.804841755165,
            "transform_matrix": [
                [
                    -0.29405271107849834,
                    0.022910455988694622,
                    0.9555145807942768,
                    4.33241443308176
                ],
                [
                    0.9551220730227249,
                    -0.03030198014366451,
                    0.2946584728531402,
                    1.2002713443104776
                ],
                [
                    0.035704743828207965,
                    0.9992781899963855,
                    -0.012971902805526635,
                    0.3274558889173503
                ],
                [
                    0.0,
                    0.0,
                    0.0,
                    1.0
                ]
            ]
        },
        {
            "file_path": "images/13_0.png",
            "sharpness": 513.9566943231556,
            "transform_matrix": [
                [
                    0.3497436825771008,
                    -0.01429203639505748,
                    0.9367364059273972,
                    3.742721121453453
                ],
                [
                    0.936820128447239,
                    0.012683659425221108,
                    -0.34958142359067473,
                    -2.5031817756816057
                ],
                [
                    -0.006885015114994876,
                    0.9998174145692574,
                    0.01782509712732085,
                    -0.5528591796662342
                ],
                [
                    0.0,
                    0.0,
                    0.0,
                    1.0
                ]
            ]
        },
        {
            "file_path": "images/12_4.png",
            "sharpness": 330.5924167430235,
            "transform_matrix": [
                [
                    0.6308459168826225,
                    -0.012031956021631717,
                    0.7758148369189029,
                    3.3177513550845394
                ],
                [
                    0.7757263633785434,
                    0.03142190182515793,
                    -0.630286659580535,
                    -1.881067600244563
                ],
                [
                    -0.01679399627107258,
                    0.9994337877601863,
                    0.02915588395607837,
                    -0.3742514073697053
                ],
                [
                    0.0,
                    0.0,
                    0.0,
                    1.0
                ]
            ]
        },
        {
            "file_path": "images/12_17.png",
            "sharpness": 407.4142323330873,
            "transform_matrix": [
                [
                    -0.12764926571789556,
                    0.016397822962202088,
                    0.9916838086610416,
                    5.3502634059245056
                ],
                [
                    0.991491894019959,
                    -0.02358202869662042,
                    0.12801449923842836,
                    1.7862611561507904
                ],
                [
                    0.025485075128925234,
                    0.999587414547292,
                    -0.013248079899335886,
                    -0.1872617237177232
                ],
                [
                    0.0,
                    0.0,
                    0.0,
                    1.0
                ]
            ]
        },
        {
            "file_path": "images/12_6.png",
            "sharpness": 365.7826508147021,
            "transform_matrix": [
                [
                    0.47297453410231277,
                    -0.014425249000585599,
                    0.8809580025623571,
                    3.098951681362779
                ],
                [
                    0.880998384360193,
                    0.021022709552199745,
                    -0.4726519781380511,
                    -1.3043614857011778
                ],
                [
                    -0.011702001740293805,
                    0.9996749260990007,
                    0.022651827319529236,
                    -0.05020426851697492
                ],
                [
                    0.0,
                    0.0,
                    0.0,
                    1.0
                ]
            ]
        },
        {
            "file_path": "images/12_2.png",
            "sharpness": 352.8736622925433,
            "transform_matrix": [
                [
                    0.6151155693016501,
                    -0.014872916099154549,
                    0.7882966654541306,
                    3.453495968036468
                ],
                [
                    0.7882319898632288,
                    0.03439694046276877,
                    -0.6144161298688816,
                    -2.0362640228247217
                ],
                [
                    -0.017976833919117828,
                    0.9992975767258712,
                    0.032881401866896344,
                    -0.4547230281414102
                ],
                [
                    0.0,
                    0.0,
                    0.0,
                    1.0
                ]
            ]
        },
        {
            "file_path": "images/12_14.png",
            "sharpness": 475.37927052709796,
            "transform_matrix": [
                [
                    -0.2928983053758669,
                    0.025378166895424128,
                    0.9558067437247243,
                    4.230139953467927
                ],
                [
                    0.9554705582214548,
                    -0.02973247073321536,
                    0.29358472807024466,
                    1.4904707311937315
                ],
                [
                    0.035869138261319634,
                    0.9992356723145025,
                    -0.01553950099781189,
                    0.40261282098796075
                ],
                [
                    0.0,
                    0.0,
                    0.0,
                    1.0
                ]
            ]
        },
        {
            "file_path": "images/10_2.png",
            "sharpness": 568.0006731202205,
            "transform_matrix": [
                [
                    0.6157865305785144,
                    -0.014196444236000732,
                    0.7877851291601141,
                    3.353280709716723
                ],
                [
                    0.7876944925547933,
                    0.034639371247047614,
                    -0.6150914569057642,
                    -2.164581949036363
                ],
                [
                    -0.018556269983877473,
                    0.9992990417924724,
                    0.03251291918019955,
                    -0.45160673083777364
                ],
                [
                    0.0,
                    0.0,
                    0.0,
                    1.0
                ]
            ]
        },
        {
            "file_path": "images/10_17.png",
            "sharpness": 596.6600172105763,
            "transform_matrix": [
                [
                    -0.12547287791329018,
                    0.017332982323374563,
                    0.9919456258427785,
                    5.378364024057425
                ],
                [
                    0.991789878977228,
                    -0.022687266650084498,
                    0.12584960822458935,
                    1.6132608777083035
                ],
                [
                    0.024685883950640496,
                    0.9995923447347993,
                    -0.014344039802241882,
                    -0.19452400921913596
                ],
                [
                    0.0,
                    0.0,
                    0.0,
                    1.0
                ]
            ]
        },
        {
            "file_path": "images/10_14.png",
            "sharpness": 699.8897467702627,
            "transform_matrix": [
                [
                    -0.2924787778920349,
                    0.022849270963858977,
                    0.9559989933550606,
                    4.2858676703294005
                ],
                [
                    0.955612053450522,
                    -0.03015137339306155,
                    0.2930810433695575,
                    1.3381712073334844
                ],
                [
                    0.035521370786360945,
                    0.9992841465247116,
                    -0.013016401903851704,
                    0.4109072839506472
                ],
                [
                    0.0,
                    0.0,
                    0.0,
                    1.0
                ]
            ]
        },
        {
            "file_path": "images/10_0.png",
            "sharpness": 684.0550194962158,
            "transform_matrix": [
                [
                    0.3475053180550309,
                    -0.014368245351722458,
                    0.9375679215105813,
                    3.7995314327061704
                ],
                [
                    0.9376519756195761,
                    0.012775901199425307,
                    -0.34734068141415203,
                    -2.3447488720570773
                ],
                [
                    -0.006987599001776762,
                    0.9998151478502124,
                    0.0179121072499752,
                    -0.47394889513139987
                ],
                [
                    0.0,
                    0.0,
                    0.0,
                    1.0
                ]
            ]
        },
        {
            "file_path": "images/0_6.png",
            "sharpness": 558.645564108673,
            "transform_matrix": [
                [
                    0.4716785657916915,
                    -0.014764575857670761,
                    0.8816469462710815,
                    2.953996389551189
                ],
                [
                    0.8816894821464176,
                    0.021456331178936177,
                    -0.47134200207993465,
